mean:
29.0607 -18.2951 -0.0171421
cov:
   0.139803  0.00540187 0.000118079
 0.00540187    0.171549  0.00071893
0.000118079  0.00071893    0.138905
mean:
29.4546 -17.434 -0.0105348
cov:
    0.117636    0.0618273  -0.00046978
   0.0618273     0.156031 -0.000524019
 -0.00046978 -0.000524019    0.0710139
mean:
20.2301 -16.7109 -0.00794177
cov:
     0.13386   0.00940212 -0.000195991
  0.00940212     0.130599 -0.000144158
-0.000195991 -0.000144158     0.122453
mean:
26.682 -16.4452 -0.0133697
cov:
 0.0999782 0.00750334 0.00018152
0.00750334   0.155213 0.00145967
0.00018152 0.00145967  0.0988039
mean:
30.1876 -16.3109 -0.0147262
cov:
    0.152876    0.0125523   -0.0003827
   0.0125523     0.153115 -0.000263352
  -0.0003827 -0.000263352     0.138902
mean:
18.76 -15.5715 -0.0299383
cov:
    0.135138   0.00800841 -0.000373645
  0.00800841     0.127604 -0.000231628
-0.000373645 -0.000231628      0.12246
mean:
26.8793 -15.7745 -0.00227916
cov:
    0.14352  0.00846797 2.80278e-05
 0.00846797    0.154703 6.21531e-05
2.80278e-05 6.21531e-05    0.138889
mean:
27.243 -15.2578 -0.00549938
cov:
    0.131228    0.0199004 -0.000564135
   0.0199004     0.128881 -0.000464178
-0.000564135 -0.000464178     0.109391
mean:
17.6005 -14.5903 -0.0382519
cov:
    0.116582    0.0130425 -0.000438205
   0.0130425      0.10839 -0.000316989
-0.000438205 -0.000316989    0.0987764
mean:
24.305 -14.448 -0.0189868
cov:
  0.0806335   0.0175362 0.000374464
  0.0175362    0.150653  0.00161597
0.000374464  0.00161597   0.0764246
mean:
27.7555 -14.506 -0.0112482
cov:
  0.0948824   0.0352848 3.07492e-05
  0.0352848    0.145773 0.000123062
3.07492e-05 0.000123062    0.076391
mean:
-20.4893 -13.3104 -0.458185
cov:
   0.143233   0.0106054 0.000922872
  0.0106054    0.166644  0.00234105
0.000922872  0.00234105    0.139089
mean:
16.177 -13.4314 -0.00425163
cov:
   0.116917  0.00809203 -6.3173e-05
 0.00809203    0.118617 -3.0652e-05
-6.3173e-05 -3.0652e-05    0.109378
mean:
22.9017 -13.5418 -0.034232
cov:
  0.0848774   0.0114049 0.000290806
  0.0114049    0.141988  0.00152756
0.000290806  0.00152756   0.0826842
mean:
24.6809 -13.5768 -0.011333
cov:
    0.101172    0.0281034 -0.000155899
   0.0281034     0.125752 -0.000217714
-0.000155899 -0.000217714    0.0826468
mean:
-21.3679 -12.398 -0.186049
cov:
 0.0817415  0.0437235 0.00742358
 0.0437235   0.111796 0.00681083
0.00742358 0.00681083  0.0615822
mean:
-20.3578 -12.4032 -0.36448
cov:
0.0845024  0.024507 0.0110151
 0.024507  0.145782 0.0144151
0.0110151 0.0144151 0.0618618
mean:
-19.436 -12.4365 -0.24434
cov:
  0.102932 -0.0289003  0.0227508
-0.0289003  0.0805152  0.0192905
 0.0227508  0.0192905  0.0593055
mean:
-18.9437 -12.5889 -0.08068
cov:
  0.141439 0.00161891 0.00249835
0.00161891   0.144132 0.00233335
0.00249835 0.00233335   0.143324
mean:
19.712 -12.2608 -0.0681511
cov:
    0.12341  0.00390573 0.000106648
 0.00390573    0.140106 0.000509949
0.000106648 0.000509949    0.122464
mean:
21.2233 -12.4964 -0.0490786
cov:
  0.0692329   0.0154839 0.000437701
  0.0154839    0.151012  0.00242685
0.000437701  0.00242685   0.0663967
mean:
23.3279 -12.501 -0.0235598
cov:
   0.0906582    0.0514675 -0.000268513
   0.0514675      0.14275 -0.000372881
-0.000268513 -0.000372881    0.0585983
mean:
25.3081 -12.5218 -0.0156766
cov:
   0.0901351    0.0349213 -9.34426e-05
   0.0349213     0.138491  -6.5951e-05
-9.34426e-05  -6.5951e-05    0.0710094
mean:
-21.2274 -11.5689 -0.165688
cov:
  0.145688 -0.0378547 -0.0170778
-0.0378547   0.131461 0.00364232
-0.0170778 0.00364232  0.0805704
mean:
-20.6836 -11.6075 -0.301075
cov:
  0.0920334 0.000238122  -0.0112045
0.000238122    0.112151 -0.00200173
 -0.0112045 -0.00200173    0.061329
mean:
-19.5594 -11.5082 -0.367703
cov:
 0.0898852  0.0338251  -0.016573
 0.0338251   0.162424 -0.0177652
 -0.016573 -0.0177652  0.0820341
mean:
-18.3085 -11.4399 -0.459199
cov:
  0.0815844  -0.0410086   1.523e-05
 -0.0410086    0.120104 5.75173e-06
  1.523e-05 5.75173e-06   0.0553649
mean:
13.3547 -11.2015 -0.00375059
cov:
   0.0994184   0.00959555 -0.000115826
  0.00959555    0.0998758 -0.000110396
-0.000115826 -0.000110396    0.0900021
mean:
18.6213 -11.4118 -0.0789821
cov:
  0.0744453   0.0134347 0.000381035
  0.0134347     0.12556  0.00158805
0.000381035  0.00158805    0.071053
mean:
19.8779 -11.4992 -0.0464882
cov:
  0.0662727    0.017908 0.000470087
   0.017908    0.143009  0.00214291
0.000470087  0.00214291   0.0622794
mean:
21.5761 -11.473 -0.0333954
cov:
   0.0852957    0.0442809 -0.000202389
   0.0442809     0.133766 -0.000266452
-0.000202389 -0.000266452    0.0585981
mean:
23.8007 -11.6629 -0.0259413
cov:
    0.106343    0.0141766 -4.51489e-05
   0.0141766     0.126357 -4.84272e-05
-4.51489e-05 -4.84272e-05    0.0987669
mean:
-20.2865 -10.4656 -0.144509
cov:
  0.0619184  0.00335086 -0.00849527
 0.00335086   0.0864386  0.00255723
-0.00849527  0.00255723   0.0401152
mean:
-19.6892 -10.5183 -0.390983
cov:
    0.067044   -0.0185288 -0.000468181
  -0.0185288     0.137003   0.00196489
-0.000468181   0.00196489    0.0622754
mean:
-18.7417 -10.5631 -0.450443
cov:
  0.0744499  -0.0112359 0.000154415
 -0.0112359    0.128657  0.00229718
0.000154415  0.00229718   0.0664643
mean:
-17.2582 -10.3919 -0.426112
cov:
   0.0806691   -0.0279722  0.000142387
  -0.0279722     0.104787 -0.000208259
 0.000142387 -0.000208259    0.0622238
mean:
-16.767 -10.7372 -0.417078
cov:
  0.237948  0.0872113 0.00343078
 0.0872113   0.223211 0.00308076
0.00343078 0.00308076   0.139008
mean:
-15.679 -10.2148 -0.394614
cov:
    0.197045     0.024011 -0.000207221
    0.024011    0.0995144  0.000234177
-0.000207221  0.000234177    0.0826524
mean:
11.7173 -10.2353 -0.0295984
cov:
    0.11302  -0.0259436  0.00104579
 -0.0259436     0.11472 -0.00113771
 0.00104579 -0.00113771   0.0826885
mean:
12.3024 -10.2508 -0.0168376
cov:
    0.119075   -0.0131521   0.00155277
  -0.0131521    0.0845451 -0.000889553
  0.00155277 -0.000889553    0.0622802
mean:
13.1814 -10.2398 -0.0104902
cov:
    0.131393   -0.0319115  1.13452e-05
  -0.0319115     0.183612 -0.000533699
 1.13452e-05 -0.000533699     0.109385
mean:
16.3116 -10.1988 -0.0787685
cov:
   0.139295  0.00170326 5.56165e-05
 0.00170326     0.14738 0.000316052
5.56165e-05 0.000316052    0.138902
mean:
17.4258 -10.5092 -0.0704634
cov:
   0.062577   0.0165314 0.000510362
  0.0165314    0.132587  0.00239144
0.000510362  0.00239144    0.058673
mean:
18.8112 -10.5084 -0.051944
cov:
  0.0635305  0.00923957 0.000315426
 0.00923957    0.142394  0.00290682
0.000315426  0.00290682   0.0623292
mean:
20.1995 -10.4655 -0.0275793
cov:
  0.0745161   0.0281963 0.000191461
  0.0281963    0.127181 0.000450749
0.000191461 0.000450749   0.0622258
mean:
22.2035 -10.3581 -0.0380517
cov:
    0.102916    0.0184017 -0.000313497
   0.0184017     0.116409 -0.000441221
-0.000313497 -0.000441221    0.0900078
mean:
24.1884 -10.702 -0.021712
cov:
    0.114962  -0.00673873 -0.000591656
 -0.00673873     0.145788   0.00157557
-0.000591656   0.00157557     0.109464
mean:
-20.4331 -9.43045 -0.145169
cov:
  0.105446 -0.0382577 -0.0168759
-0.0382577   0.101711 0.00188132
-0.0168759 0.00188132   0.033823
mean:
-19.856 -9.52251 -0.317749
cov:
  0.0508754 -0.00130414 -0.00223036
-0.00130414    0.134817  0.00112092
-0.00223036  0.00112092   0.0526529
mean:
-18.7372 -9.48457 -0.407733
cov:
   0.115177   0.0181602 -0.00211754
  0.0181602    0.141858 0.000318523
-0.00211754 0.000318523   0.0525587
mean:
-17.7475 -9.54794 -0.426596
cov:
   0.0723948   -0.0369419 -1.90016e-05
  -0.0369419     0.121238  5.13097e-05
-1.90016e-05  5.13097e-05    0.0524702
mean:
-16.2842 -9.49612 -0.385744
cov:
   0.0749829   -0.0480075  0.000157292
  -0.0480075     0.124088 -0.000184586
 0.000157292 -0.000184586    0.0453575
mean:
-15.2751 -9.48294 -0.373189
cov:
    0.057796   -0.0243687 -0.000765473
  -0.0243687     0.125516   0.00241401
-0.000765473   0.00241401    0.0499403
mean:
-14.345 -9.35795 -0.38634
cov:
   0.0659772   -0.0128187 -0.000516454
  -0.0128187     0.106509   0.00180115
-0.000516454   0.00180115    0.0622961
mean:
10.6243 -9.1215 -0.0601706
cov:
   0.115676  0.00037904  -0.0012725
 0.00037904   0.0731376 -0.00020211
 -0.0012725 -0.00020211   0.0663659
mean:
11.6019 -9.5271 -0.0692635
cov:
   0.104365   0.0304579 0.000233373
  0.0304579    0.104106 -0.00434705
0.000233373 -0.00434705   0.0252807
mean:
12.5213 -9.51714 -0.0423199
cov:
  0.0880483   0.0120728  0.00133468
  0.0120728   0.0844553 -0.00229425
 0.00133468 -0.00229425   0.0233827
mean:
13.456 -9.49909 -0.0398288
cov:
   0.103535  -0.0133214 -0.00411003
 -0.0133214    0.120525 -0.00494814
-0.00411003 -0.00494814   0.0342542
mean:
14.4937 -9.29911 -0.085995
cov:
   0.121379   0.0229263 0.000300812
  0.0229263    0.181681  0.00239722
0.000300812  0.00239722    0.109499
mean:
15.4583 -9.39847 -0.0771459
cov:
  0.0640326   0.0095633 0.000382595
  0.0095633    0.115379   0.0021781
0.000382595   0.0021781   0.0623125
mean:
16.4929 -9.53578 -0.0594141
cov:
   0.056833   0.0181076 0.000555864
  0.0181076    0.132895  0.00257425
0.000555864  0.00257425   0.0525536
mean:
17.6008 -9.50067 -0.0360181
cov:
  0.0580112    0.014427 0.000447137
   0.014427    0.135237  0.00249437
0.000447137  0.00249437   0.0554416
mean:
19.182 -9.36823 -0.0331547
cov:
   0.0820428    0.0204142 -7.86389e-05
   0.0204142     0.109019 -0.000133226
-7.86389e-05 -0.000133226    0.0710071
mean:
20.6853 -9.53198 -0.0296797
cov:
   0.0810156    0.0438264 -0.000407882
   0.0438264     0.130595 -0.000683891
-0.000407882 -0.000683891    0.0553703
mean:
22.5029 -9.56303 -0.0336969
cov:
  0.0758585  0.00528916 -0.00051965
 0.00528916    0.149085  0.00225125
-0.00051965  0.00225125   0.0664357
mean:
-21.4457 -8.47387 -0.0900696
cov:
  0.0930309  -0.0388554 -0.00621918
 -0.0388554    0.110771 -0.00217192
-0.00621918 -0.00217192   0.0414188
mean:
-20.5657 -8.54847 -0.253711
cov:
   0.141016  0.00626669  -0.0235179
 0.00626669     0.11754 -0.00830829
 -0.0235179 -0.00830829   0.0321942
mean:
-19.2136 -8.45732 -0.371402
cov:
    0.14337   0.0442328 -0.00360068
  0.0442328    0.136971 -0.00171916
-0.00360068 -0.00171916   0.0665148
mean:
-18.4411 -8.60898 -0.419419
cov:
   0.126195   0.0240433 -0.00499549
  0.0240433    0.126069  -0.0013149
-0.00499549  -0.0013149   0.0437079
mean:
-16.8147 -8.61867 -0.39071
cov:
   0.0711479   -0.0248389 -3.77517e-05
  -0.0248389     0.108342  0.000105095
-3.77517e-05  0.000105095    0.0585955
mean:
-15.674 -8.49727 -0.354258
cov:
   0.0632738   -0.0374273 -0.000256811
  -0.0374273     0.123766  0.000554257
-0.000256811  0.000554257    0.0453566
mean:
-14.5822 -8.47604 -0.351539
cov:
   0.0526797   -0.0200312 -0.000755136
  -0.0200312     0.125831   0.00297959
-0.000755136   0.00297959    0.0476143
mean:
-13.4345 -8.46197 -0.36128
cov:
  0.0955272 -0.00746045  -0.0011581
-0.00746045   0.0958295  0.00278893
 -0.0011581  0.00278893   0.0251048
mean:
-12.4302 -8.223 -0.347147
cov:
  0.174981  0.0708102 0.00710135
 0.0708102   0.163184  0.0038752
0.00710135  0.0038752  0.0833152
mean:
9.84692 -8.53248 -0.0648516
cov:
  0.0968843   0.0086211  7.1947e-05
  0.0086211    0.100919 0.000101272
 7.1947e-05 0.000101272   0.0900018
mean:
10.4783 -8.47981 -0.0698713
cov:
   0.103789  -0.0170302 -0.00127061
 -0.0170302    0.101488 -0.00249502
-0.00127061 -0.00249502   0.0228476
mean:
11.424 -8.42382 -0.0961031
cov:
    0.10289   0.0347407 -0.00252892
  0.0347407   0.0984542 -0.00179068
-0.00252892 -0.00179068   0.0222996
mean:
12.5114 -8.58147 -0.100781
cov:
  0.0985276    0.019369  0.00129625
   0.019369     0.11827 -0.00394971
 0.00129625 -0.00394971   0.0260101
mean:
13.4477 -8.57184 -0.0808778
cov:
  0.0911873 -0.00661785 -0.00111167
-0.00661785    0.093029  0.00102366
-0.00111167  0.00102366   0.0310586
mean:
14.4675 -8.4237 -0.066656
cov:
  0.128991 -0.0116325 0.00315305
-0.0116325  0.0976375 0.00142423
0.00315305 0.00142423  0.0295334
mean:
15.672 -8.4995 -0.0478626
cov:
 0.0554834  0.0201663 0.00052773
 0.0201663   0.122853 0.00192798
0.00052773 0.00192798   0.049913
mean:
16.7257 -8.50936 -0.0293889
cov:
  0.0538534   0.0183346 0.000498877
  0.0183346    0.136724  0.00241441
0.000498877  0.00241441   0.0499297
mean:
17.8554 -8.69023 -0.0215772
cov:
  0.0827744   0.0138335 2.53921e-05
  0.0138335    0.106585 6.63029e-05
2.53921e-05 6.63029e-05   0.0763896
mean:
18.0829 -8.19389 -0.0211868
cov:
   0.124342  0.00417523 1.23553e-06
 0.00417523    0.131732 4.64924e-06
1.23553e-06 4.64924e-06    0.122449
mean:
19.6253 -8.51482 -0.0370566
cov:
   0.0719209     0.039099 -0.000196166
    0.039099      0.13163 -0.000373046
-0.000196166 -0.000373046     0.052472
mean:
21.137 -8.57577 -0.0321714
cov:
  0.0890363   0.0125432 -9.1157e-05
  0.0125432    0.118886 0.000203416
-9.1157e-05 0.000203416   0.0826586
mean:
-22.2695 -7.3418 -0.0977197
cov:
  0.0954912  -0.0210011 -0.00324915
 -0.0210011    0.105089 -0.00682683
-0.00324915 -0.00682683   0.0545124
mean:
-21.5019 -7.58472 -0.201345
cov:
   0.105813   0.0020973  -0.0157478
  0.0020973   0.0973712 -0.00890634
 -0.0157478 -0.00890634    0.035766
mean:
-20.4624 -7.55017 -0.32178
cov:
   0.0863518 -0.000193434  -0.00366401
-0.000193434     0.144321  -0.00211746
 -0.00366401  -0.00211746     0.050283
mean:
-19.368 -7.49178 -0.367027
cov:
   0.0600223    -0.025502 -0.000254664
   -0.025502     0.140141  0.000922826
-0.000254664  0.000922826    0.0524804
mean:
-18.4887 -7.52056 -0.403394
cov:
   0.0570169   -0.0106012 -0.000286411
  -0.0106012     0.135352   0.00239002
-0.000286411   0.00239002    0.0554385
mean:
-17.2973 -7.49657 -0.385273
cov:
   0.0623557   -0.0349005 -4.72061e-05
  -0.0349005     0.130461  0.000156534
-4.72061e-05  0.000156534    0.0475024
mean:
-16.1895 -7.43511 -0.352296
cov:
   0.0637818   -0.0256118 -4.59467e-05
  -0.0256118     0.110785  0.000119051
-4.59467e-05  0.000119051    0.0524701
mean:
-15.3533 -7.41953 -0.334246
cov:
  0.259988   0.136366 0.00488188
  0.136366    0.22186 0.00417711
0.00488188 0.00417711   0.098914
mean:
-14.6429 -7.5001 -0.323075
cov:
  0.173258  0.0684437  0.0032513
 0.0684437   0.128809 0.00259865
 0.0032513 0.00259865  0.0476006
mean:
-13.6223 -7.5489 -0.325646
cov:
   0.0890314  -0.00324615 -0.000832215
 -0.00324615    0.0964225   0.00269069
-0.000832215   0.00269069    0.0250943
mean:
-12.7151 -7.49593 -0.347051
cov:
   0.0486012   -0.0265212 -0.000900496
  -0.0265212     0.121523   0.00278537
-0.000900496   0.00278537    0.0400263
mean:
-11.284 -7.08885 -0.276634
cov:
     0.12256  -0.00782074   0.00472403
 -0.00782074     0.084861 -0.000867509
  0.00472403 -0.000867509    0.0832088
mean:
-10.8253 -7.31426 -0.186079
cov:
   0.104247  0.00552449  0.00282447
 0.00552449   0.0959377 -0.00528918
 0.00282447 -0.00528918   0.0881812
mean:
8.86616 -7.68033 -0.00282674
cov:
    0.094925   0.00432877   -0.0001446
  0.00432877    0.0938865 -0.000117987
  -0.0001446 -0.000117987    0.0900053
mean:
9.43981 -7.29277 -0.0351921
cov:
  0.0948637   0.0411845 -0.00373746
  0.0411845    0.061082  -0.0024745
-0.00373746  -0.0024745   0.0335236
mean:
10.7276 -7.76748 -0.0982146
cov:
   0.0735701    0.0171273 -0.000726365
   0.0171273    0.0715676 -0.000674967
-0.000726365 -0.000674967    0.0553932
mean:
11.5094 -7.45887 -0.10753
cov:
  0.0969579 -0.00169896  0.00194891
-0.00169896    0.103554  0.00163211
 0.00194891  0.00163211   0.0223606
mean:
12.5137 -7.51269 -0.0880622
cov:
  0.159629 0.00952258 0.00214256
0.00952258  0.0967758 0.00333903
0.00214256 0.00333903  0.0223846
mean:
13.5778 -7.47547 -0.0564466
cov:
  0.0584393   0.0100413 0.000877469
  0.0100413    0.130315  0.00270649
0.000877469  0.00270649   0.0400313
mean:
14.4787 -7.5926 -0.0462351
cov:
    0.1178 -0.0179392 0.00231912
-0.0179392   0.102096 0.00112957
0.00231912 0.00112957  0.0313204
mean:
15.5423 -7.48141 -0.0309628
cov:
    0.178059   -0.0573842   0.00158681
  -0.0573842     0.101744 -0.000628343
  0.00158681 -0.000628343    0.0370109
mean:
16.5037 -7.48905 -0.0195072
cov:
    0.236529    -0.128282    0.0010129
   -0.128282     0.178819 -0.000801981
   0.0010129 -0.000801981    0.0663332
mean:
17.1493 -7.33031 -0.0171197
cov:
   0.0772833    0.0144129 -1.96791e-05
   0.0144129     0.104385 -3.35681e-05
-1.96791e-05 -3.35681e-05    0.0710065
mean:
18.4426 -7.50189 -0.0267407
cov:
   0.0680861    0.0417963 -0.000312988
   0.0417963     0.132625 -0.000629465
-0.000312988 -0.000629465     0.047505
mean:
19.9181 -7.70047 -0.03342
cov:
    0.112248  -0.00194976 -0.000309682
 -0.00194976     0.164652    0.0019926
-0.000309682    0.0019926     0.109467
mean:
-22.5278 -6.46489 -0.132075
cov:
 0.0930001 -0.0339535 -0.0105364
-0.0339535   0.126161 0.00127283
-0.0105364 0.00127283  0.0411448
mean:
-21.6833 -6.50395 -0.233641
cov:
  0.0712442  -0.0314598 -0.00792275
 -0.0314598    0.110279 0.000149956
-0.00792275 0.000149956   0.0496306
mean:
-20.6404 -6.47694 -0.317327
cov:
    0.062295    -0.016614 -0.000152186
   -0.016614     0.136263  0.000787508
-0.000152186  0.000787508    0.0586036
mean:
-19.6239 -6.48023 -0.355463
cov:
   0.0623607   -0.0157377 -0.000152551
  -0.0157377     0.130332   0.00086047
-0.000152551   0.00086047    0.0586083
mean:
-18.7236 -6.51153 -0.387227
cov:
   0.0573028   -0.0198876 -0.000243498
  -0.0198876     0.135233   0.00103346
-0.000243498   0.00103346    0.0524825
mean:
-17.608 -6.48498 -0.374249
cov:
   0.0591411   -0.0215061 -0.000140465
  -0.0215061     0.123528  0.000530116
-0.000140465  0.000530116    0.0524757
mean:
-16.5421 -6.5055 -0.347027
cov:
   0.0560495   -0.0257276 -0.000188881
  -0.0257276     0.126275  0.000620778
-0.000188881  0.000620778    0.0475063
mean:
-15.3529 -6.51234 -0.326402
cov:
  0.0596034  -0.0389267 0.000180005
 -0.0389267    0.126218 -0.00036767
0.000180005 -0.00036767   0.0415907
mean:
-14.2269 -6.47338 -0.294342
cov:
   0.0517391   -0.0284282 -0.000339408
  -0.0284282     0.121656  0.000980846
-0.000339408  0.000980846    0.0416015
mean:
-13.4838 -6.40238 -0.291123
cov:
   0.101232   0.0201217 -0.00123672
  0.0201217    0.114763  0.00154533
-0.00123672  0.00154533    0.031287
mean:
-12.9432 -6.66102 -0.316255
cov:
   0.0635281  -0.00653988 -0.000271781
 -0.00653988     0.095415   0.00138863
-0.000271781   0.00138863    0.0622806
mean:
-11.5656 -6.43741 -0.306176
cov:
   0.149669   0.0154286 -0.00119225
  0.0154286     0.10767 0.000939997
-0.00119225 0.000939997    0.023351
mean:
-10.3762 -6.49773 -0.259353
cov:
  0.0980095 -0.00598805  0.00620229
-0.00598805   0.0975604 -0.00634122
 0.00620229 -0.00634122   0.0314492
mean:
-9.49906 -6.30201 -0.207323
cov:
   0.117399     0.02143  0.00451907
    0.02143   0.0734319 -0.00111692
 0.00451907 -0.00111692    0.028145
mean:
-8.7953 -6.18875 -0.146187
cov:
  0.145683  0.0126863 0.00893395
 0.0126863   0.115257 0.00319353
0.00893395 0.00319353   0.112054
mean:
7.58325 -6.30253 -0.00673217
cov:
   0.0773375  -0.00610996  8.08463e-06
 -0.00610996    0.0505464 -0.000401349
 8.08463e-06 -0.000401349    0.0249942
mean:
8.47994 -6.4046 -0.0103248
cov:
   0.0946175   -0.0354425 -0.000689651
  -0.0354425     0.104463 -0.000939929
-0.000689651 -0.000939929    0.0175747
mean:
9.45535 -6.35568 -0.0509261
cov:
   0.122792  0.00539385 -0.00740442
 0.00539385   0.0898886 -0.00159492
-0.00740442 -0.00159492   0.0300715
mean:
10.3389 -6.5243 -0.0828207
cov:
  0.0485598   0.0318536 0.000408544
  0.0318536    0.117128  0.00300031
0.000408544  0.00300031    0.031412
mean:
11.5863 -6.54482 -0.0697757
cov:
   0.101317 -0.00742914  0.00195786
-0.00742914     0.09402  0.00284674
 0.00195786  0.00284674   0.0228951
mean:
12.2835 -6.42532 -0.0458926
cov:
  0.0534953 -0.00928457 0.000105231
-0.00928457     0.11649  0.00315489
0.000105231  0.00315489   0.0313446
mean:
13.4253 -6.50595 -0.030962
cov:
  0.142321  0.0151537   0.004332
 0.0151537   0.103315 0.00359366
  0.004332 0.00359366   0.022487
mean:
14.5705 -6.52233 -0.0302517
cov:
  0.0495862   0.0251958 0.000381263
  0.0251958    0.124065  0.00134056
0.000381263  0.00134056   0.0416124
mean:
15.4541 -6.53858 -0.0345093
cov:
  0.0495184   0.0152459 0.000257206
  0.0152459    0.128855  0.00217501
0.000257206  0.00217501   0.0454224
mean:
16.3483 -6.4976 -0.0216525
cov:
   0.0578815    0.0311562 -2.08671e-05
   0.0311562     0.123301 -2.86891e-05
-2.08671e-05 -2.86891e-05    0.0453528
mean:
17.5467 -6.49959 -0.0235864
cov:
   0.0672321    0.0425728 -0.000600148
   0.0425728     0.128469    -0.001154
-0.000600148    -0.001154    0.0453687
mean:
18.7846 -6.67478 -0.0288742
cov:
   0.0875884   0.00497348 -0.000285464
  0.00497348     0.111519  0.000502115
-0.000285464  0.000502115    0.0826872
mean:
-23.5089 -5.46724 -0.12292
cov:
    0.17236  -0.0258262 -0.00901902
 -0.0258262    0.137491 -0.00886968
-0.00901902 -0.00886968   0.0562609
mean:
-22.4314 -5.49473 -0.209987
cov:
  0.119001  0.0234633 -0.0132735
 0.0234633  0.0957154 -0.0055894
-0.0132735 -0.0055894  0.0435152
mean:
-21.9339 -5.8056 -0.283743
cov:
   0.139769 -0.00266588   7.561e-06
-0.00266588     0.14824 1.24624e-05
  7.561e-06 1.24624e-05     0.13889
mean:
-20.8251 -5.4565 -0.314084
cov:
   0.0968549   0.00720026   -0.0018605
  0.00720026     0.140006 -0.000169151
  -0.0018605 -0.000169151    0.0554529
mean:
-19.6798 -5.45624 -0.357774
cov:
   0.170638   0.0387288 -0.00345022
  0.0387288    0.122891 -0.00140852
-0.00345022 -0.00140852   0.0454501
mean:
-18.7373 -5.53593 -0.375546
cov:
   0.180109   0.0685386 0.000938122
  0.0685386    0.142279 0.000789777
0.000938122 0.000789777   0.0622326
mean:
-17.896 -5.59069 -0.372156
cov:
  0.0640462  -0.0171413 5.85486e-06
 -0.0171413    0.114137 3.62001e-05
5.85486e-06 3.62001e-05   0.0585956
mean:
-16.8171 -5.49202 -0.336188
cov:
    0.052733   -0.0203696 -0.000185654
  -0.0203696     0.127716  0.000754632
-0.000185654  0.000754632    0.0475078
mean:
-15.7285 -5.49857 -0.324351
cov:
  0.0518256  -0.0222934 -0.00017209
 -0.0222934    0.122791 0.000617813
-0.00017209 0.000617813   0.0453571
mean:
-14.477 -5.42414 -0.285165
cov:
 0.0921551  0.0104411 0.00194916
 0.0104411   0.113621 0.00123931
0.00194916 0.00123931  0.0345155
mean:
-13.4696 -5.55268 -0.272634
cov:
    0.151483   0.00677677 -0.000551461
  0.00677677    0.0901365    0.0015304
-0.000551461    0.0015304     0.024424
mean:
-12.0783 -5.44699 -0.266575
cov:
   0.0432841    -0.010617 -0.000437536
   -0.010617     0.109648   0.00284332
-0.000437536   0.00284332    0.0417077
mean:
-11.3334 -5.52792 -0.283066
cov:
   0.0663657   0.00428508 -0.000536242
  0.00428508     0.122518   0.00345825
-0.000536242   0.00345825    0.0334444
mean:
-10.4071 -5.4051 -0.277576
cov:
  0.074856 0.00863387 0.00043442
0.00863387  0.0980755 0.00224598
0.00043442 0.00224598  0.0227866
mean:
-9.56128 -5.54661 -0.262372
cov:
 0.0866103 0.00852864 0.00346675
0.00852864  0.0925883 -0.0021803
0.00346675 -0.0021803  0.0200866
mean:
-8.5039 -5.47631 -0.198521
cov:
  0.0964981   0.0148622  0.00566639
  0.0148622    0.108339 -0.00556545
 0.00566639 -0.00556545   0.0197727
mean:
-7.64375 -5.2386 -0.18117
cov:
  0.0851311   0.0101471  0.00318263
  0.0101471   0.0485657 -0.00136523
 0.00318263 -0.00136523   0.0227952
mean:
5.83379 -5.14822 -0.00254515
cov:
   0.0737108   0.00790018 -5.00337e-05
  0.00790018    0.0749316 -3.09495e-05
-5.00337e-05 -3.09495e-05    0.0663305
mean:
6.61452 -5.40221 -0.0088546
cov:
   0.0536093     0.010747 -0.000342938
    0.010747     0.057654 -6.26203e-05
-0.000342938 -6.26203e-05    0.0149295
mean:
7.53019 -5.4069 -0.0142286
cov:
     0.10114   -0.0652961 -0.000275609
  -0.0652961      0.12463  0.000708066
-0.000275609  0.000708066    0.0189101
mean:
8.49453 -5.5514 -0.0392246
cov:
  0.0860639  -0.0144645  -0.0020445
 -0.0144645   0.0899333 -0.00430103
 -0.0020445 -0.00430103   0.0156635
mean:
9.45875 -5.45965 -0.069044
cov:
  0.127337 -0.0294616 0.00190988
-0.0294616  0.0790304 0.00147154
0.00190988 0.00147154  0.0144925
mean:
10.4486 -5.39948 -0.0359696
cov:
 0.0841946 -0.0224605 0.00113786
-0.0224605   0.109118 0.00250878
0.00113786 0.00250878  0.0264393
mean:
11.5266 -5.49576 -0.026239
cov:
  0.0396303  0.00941959 0.000446525
 0.00941959    0.112464  0.00354496
0.000446525  0.00354496   0.0385705
mean:
12.2415 -5.67831 -0.014793
cov:
  0.0677674 -0.00510446  0.00053792
-0.00510446   0.0678885  0.00155931
 0.00053792  0.00155931   0.0313004
mean:
13.159 -5.78463 -0.00777022
cov:
  0.0902059  0.00145698 5.35178e-05
 0.00145698     0.10424 0.000586844
5.35178e-05 0.000586844    0.090025
mean:
14.7223 -5.6899 -0.00784697
cov:
  0.0714446  0.00302742  8.3073e-05
 0.00302742   0.0997332 0.000908361
 8.3073e-05 0.000908361    0.071036
mean:
15.6081 -5.5124 -0.0078051
cov:
  0.0492912   0.0174002 0.000239307
  0.0174002    0.123752  0.00112304
0.000239307  0.00112304    0.045369
mean:
16.7123 -5.4919 -0.0215761
cov:
   0.0540486    0.0260974 -1.17618e-05
   0.0260974     0.127119   8.8334e-05
-1.17618e-05   8.8334e-05    0.0453561
mean:
17.8962 -5.81952 -0.0344643
cov:
    0.129648  -0.00754347 -0.000947601
 -0.00754347      0.13724   0.00120659
-0.000947601   0.00120659      0.12258
mean:
-31.8339 -4.70731 -0.398565
cov:
    0.126058    -0.008246  0.000170133
   -0.008246     0.149466 -0.000301054
 0.000170133 -0.000301054     0.122458
mean:
-28.4234 -4.59266 -0.289086
cov:
   0.0860071   -0.0155554 -0.000863516
  -0.0155554     0.151992    -0.020105
-0.000863516    -0.020105    0.0745117
mean:
-26.4467 -4.67143 -0.185964
cov:
   0.2391 0.0940418 -0.023448
0.0940418  0.236149 -0.029932
-0.023448 -0.029932  0.109724
mean:
-25.7732 -4.61845 -0.294008
cov:
   0.116468  -0.0343662  0.00224851
 -0.0343662    0.122976 -0.00219997
 0.00224851 -0.00219997   0.0827956
mean:
-24.2649 -4.26026 -0.286633
cov:
   0.181584   0.0527924 -0.00547608
  0.0527924     0.22917 -0.00881121
-0.00547608 -0.00881121    0.139759
mean:
-23.744 -4.66465 -0.231291
cov:
  0.0982918   -0.025774 -0.00155098
  -0.025774    0.100269 -0.00667207
-0.00155098 -0.00667207   0.0723664
mean:
-22.4248 -4.59902 -0.258418
cov:
  0.104168 0.00253373 -0.0127001
0.00253373   0.134082 -0.0109113
-0.0127001 -0.0109113  0.0524606
mean:
-21.1336 -4.3681 -0.310567
cov:
   0.0823894   -0.0151928  0.000277005
  -0.0151928     0.115958 -0.000674211
 0.000277005 -0.000674211    0.0764024
mean:
-20.2654 -4.56634 -0.339002
cov:
   0.155546   0.0338957 -0.00548644
  0.0338957    0.131428 -0.00164414
-0.00548644 -0.00164414   0.0456267
mean:
-19.1322 -4.54273 -0.367956
cov:
 0.0578934 0.00680825 0.00046006
0.00680825   0.137417 0.00297666
0.00046006 0.00297666  0.0554945
mean:
-18.043 -4.54015 -0.354351
cov:
  0.0589122  0.00323698 0.000133508
 0.00323698    0.128029  0.00243645
0.000133508  0.00243645   0.0586817
mean:
-16.9389 -4.47112 -0.314247
cov:
   0.0502942  -0.00337048 -5.51547e-05
 -0.00337048     0.129175   0.00220209
-5.51547e-05   0.00220209    0.0499279
mean:
-15.9012 -4.49896 -0.306117
cov:
   0.0480459  -0.00574923 -0.000137859
 -0.00574923     0.125768   0.00211827
-0.000137859   0.00211827      0.04756
mean:
-14.5316 -4.50801 -0.270756
cov:
  0.129544 -0.0172986 0.00274761
-0.0172986    0.10692 0.00147751
0.00274761 0.00147751  0.0213831
mean:
-13.3794 -4.50546 -0.251177
cov:
   0.0433206   -0.0201475 -0.000259114
  -0.0201475     0.121952   0.00112224
-0.000259114   0.00112224    0.0384174
mean:
-12.1942 -4.48684 -0.22698
cov:
   0.0393102  -0.00803303 -0.000297138
 -0.00803303     0.116352   0.00299004
-0.000297138   0.00299004    0.0385163
mean:
-11.4459 -4.4852 -0.24046
cov:
   0.0371178   -0.0106629 -0.000413556
  -0.0106629     0.116007   0.00315489
-0.000413556   0.00315489    0.0357903
mean:
-10.5084 -4.50133 -0.242233
cov:
   0.0837729   -0.0109466 -0.000633189
  -0.0109466    0.0974357   0.00369778
-0.000633189   0.00369778     0.017409
mean:
-9.49303 -4.41669 -0.243948
cov:
 0.123227 0.0239788 0.0021549
0.0239788 0.0930596 0.0033703
0.0021549 0.0033703 0.0209938
mean:
-8.47197 -4.55148 -0.252222
cov:
  0.0962226  0.00435676 0.000204862
 0.00435676   0.0913255  0.00101096
0.000204862  0.00101096   0.0112542
mean:
-7.44031 -4.46646 -0.212514
cov:
  0.0845295 -0.00867958   0.0044555
-0.00867958   0.0873489 -0.00478469
  0.0044555 -0.00478469   0.0108799
mean:
-6.5179 -4.44581 -0.145536
cov:
  0.0926264   0.0326701  0.00524744
  0.0326701   0.0891465 -0.00156689
 0.00524744 -0.00156689   0.0113643
mean:
-5.74481 -4.18345 -0.126115
cov:
   0.0623261   0.00922081   0.00185029
  0.00922081    0.0399517 -0.000818192
  0.00185029 -0.000818192    0.0259714
mean:
-0.547685 -4.5156 -0.0334253
cov:
   0.109275  -0.0127896 -0.00233729
 -0.0127896   0.0947849  0.00191708
-0.00233729  0.00191708   0.0596845
mean:
1.73101 -4.03581 -0.0295384
cov:
  0.0901114 -0.00105271  0.00289863
-0.00105271   0.0593988  2.7242e-05
 0.00289863  2.7242e-05   0.0589096
mean:
2.5873 -4.0608 -0.0135913
cov:
   0.0809444 -0.000646076  7.30531e-05
-0.000646076    0.0266083 -0.000119493
 7.30531e-05 -0.000119493    0.0250252
mean:
3.44295 -4.12902 -0.0131514
cov:
  0.0985063 -0.00119373  0.00169005
-0.00119373   0.0183906 0.000351038
 0.00169005 0.000351038  0.00989138
mean:
4.44817 -4.33878 -0.00683881
cov:
   0.0964062   -0.0476512  0.000936462
  -0.0476512    0.0777793 -0.000448832
 0.000936462 -0.000448832    0.0120807
mean:
5.35183 -4.38235 -0.0070646
cov:
   0.0719114    0.0237398 -0.000190737
   0.0237398    0.0783015 -0.000389948
-0.000190737 -0.000389948    0.0181853
mean:
6.52777 -4.51169 -0.0173297
cov:
  0.0849794   0.0130198 -0.00217943
  0.0130198   0.0959691 -0.00151889
-0.00217943 -0.00151889  0.00763177
mean:
7.50647 -4.47631 -0.0556581
cov:
  0.0971398  0.00241105 -0.00328154
 0.00241105    0.089713 -0.00570286
-0.00328154 -0.00570286  0.00910383
mean:
8.48592 -4.4563 -0.0546031
cov:
   0.109721 -0.00128509  0.00115339
-0.00128509   0.0929178  0.00325791
 0.00115339  0.00325791   0.0140717
mean:
9.42291 -4.49978 -0.0323518
cov:
  0.053226   0.014077 0.00199044
  0.014077  0.0961456 0.00371422
0.00199044 0.00371422  0.0153724
mean:
10.2526 -4.66651 -0.0140494
cov:
 0.0882857 -0.0195915 0.00129034
-0.0195915  0.0805439 0.00119386
0.00129034 0.00119386  0.0323186
mean:
16.8919 -4.77163 -0.0169467
cov:
    0.111834  -0.00592259 -0.000451265
 -0.00592259      0.12517   0.00113034
-0.000451265   0.00113034     0.109459
mean:
-26.5908 -3.52803 -0.347153
cov:
   0.173636  -0.0834463  0.00658682
 -0.0834463    0.176819 -0.00585644
 0.00658682 -0.00585644   0.0831235
mean:
-24.6343 -3.4709 -0.242305
cov:
   0.115843  -0.0447453 -0.00135182
 -0.0447453    0.144664   0.0188761
-0.00135182   0.0188761   0.0849536
mean:
-23.2153 -3.29164 -0.355021
cov:
   0.111583  0.00579526 0.000299788
 0.00579526    0.132827 0.000901923
0.000299788 0.000901923    0.109417
mean:
-22.7066 -3.76743 -0.314041
cov:
    0.119963   -0.0127661  0.000783442
  -0.0127661     0.126247 -0.000916945
 0.000783442 -0.000916945     0.109434
mean:
-21.5584 -3.53353 -0.337408
cov:
  0.0953592  -0.0427634  0.00298065
 -0.0427634    0.128737 -0.00311793
 0.00298065 -0.00311793   0.0588415
mean:
-20.2683 -3.51393 -0.343718
cov:
 0.0659102  0.0136303 0.00103986
 0.0136303   0.138033 0.00298323
0.00103986 0.00298323  0.0587619
mean:
-19.052 -3.81364 -0.340269
cov:
   0.122708  0.00171528  6.8904e-05
 0.00171528    0.134162 0.000462889
 6.8904e-05 0.000462889    0.122467
mean:
-18.9438 -3.3007 -0.317005
cov:
  0.0910594  0.00528225 0.000223127
 0.00528225    0.116691  0.00111687
0.000223127  0.00111687   0.0900471
mean:
-17.4656 -3.49958 -0.304741
cov:
  0.219251  0.0107439 0.00354512
 0.0107439   0.107214 0.00262537
0.00354512 0.00262537   0.026443
mean:
-15.7394 -3.41318 -0.276727
cov:
  0.190453  0.0486152 0.00393153
 0.0486152   0.117536 0.00266818
0.00393153 0.00266818  0.0345697
mean:
-14.593 -3.5513 -0.252123
cov:
 0.0992353 0.00997464 0.00161632
0.00997464  0.0991552 0.00143524
0.00161632 0.00143524  0.0256804
mean:
-13.626 -3.5104 -0.244429
cov:
   0.0423355   -0.0130995 -0.000134869
  -0.0130995     0.117689  0.000953867
-0.000134869  0.000953867    0.0399457
mean:
-12.2917 -3.49465 -0.194039
cov:
   0.0381442  -0.00923328 -0.000215426
 -0.00923328     0.115349   0.00192339
-0.000215426   0.00192339    0.0370314
mean:
-11.5528 -3.48995 -0.203778
cov:
   0.0363521  -0.00706495 -0.000224061
 -0.00706495     0.113932   0.00258135
-0.000224061   0.00258135    0.0357523
mean:
-10.6695 -3.50168 -0.207497
cov:
   0.0773954   -0.0160841 -0.000618735
  -0.0160841     0.100334   0.00212231
-0.000618735   0.00212231    0.0161804
mean:
-9.53977 -3.50408 -0.208043
cov:
  0.139654 -0.0165224 0.00110811
-0.0165224  0.0974083 0.00225288
0.00110811 0.00225288  0.0147916
mean:
-8.51122 -3.45569 -0.21254
cov:
 0.0848527 0.00710645 0.00112696
0.00710645  0.0985188 0.00418493
0.00112696 0.00418493  0.0118493
mean:
-7.63216 -3.61526 -0.21385
cov:
    0.098727   -0.0281971 -0.000197181
  -0.0281971    0.0780408   0.00225988
-0.000197181   0.00225988    0.0118966
mean:
-6.42596 -3.5176 -0.188618
cov:
   0.0859602   0.00373248   0.00175044
  0.00373248    0.0898471 -8.70352e-05
  0.00175044 -8.70352e-05   0.00792577
mean:
-5.48594 -3.48613 -0.145537
cov:
  0.0842156 -0.00766855  0.00469731
-0.00766855   0.0757364 -0.00623997
 0.00469731 -0.00623997   0.0054417
mean:
-4.5419 -3.29639 -0.110884
cov:
  0.0825523   0.0212871  0.00258895
  0.0212871   0.0480608 -0.00142756
 0.00258895 -0.00142756  0.00560412
mean:
-3.46241 -3.20233 -0.0678926
cov:
  0.0741795 -0.00100132  -0.0005307
-0.00100132   0.0271773 -0.00013999
 -0.0005307 -0.00013999  0.00496837
mean:
-2.56309 -3.29505 -0.0700414
cov:
   0.123073  -0.0470127 0.000410068
 -0.0470127   0.0422664 -0.00125396
0.000410068 -0.00125396  0.00912187
mean:
-1.66016 -3.67157 -0.0474864
cov:
  0.0760991  -0.0231085  0.00142854
 -0.0231085   0.0224227 0.000519092
 0.00142854 0.000519092  0.00853019
mean:
-0.717505 -3.93371 -0.0357649
cov:
  0.0931428  -0.0036645  0.00251797
 -0.0036645   0.0516848 0.000444338
 0.00251797 0.000444338   0.0502976
mean:
0.603701 -3.95565 -0.00802583
cov:
    0.100954 -6.49173e-05 -0.000238102
-6.49173e-05    0.0765392  3.20037e-05
-0.000238102  3.20037e-05    0.0764256
mean:
1.65234 -3.82977 -0.0454051
cov:
   0.0784376    0.0155741  0.000895252
   0.0155741    0.0145699 -0.000531415
 0.000895252 -0.000531415   0.00611664
mean:
2.56646 -3.53113 -0.0310055
cov:
  0.0807488   0.0286788 0.000795087
  0.0286788   0.0628637 -0.00274949
0.000795087 -0.00274949  0.00197279
mean:
3.46641 -3.45665 -0.0164713
cov:
  0.0853023 -0.00555915  0.00036777
-0.00555915   0.0847111 -0.00145145
 0.00036777 -0.00145145  0.00187549
mean:
4.4511 -3.42081 -0.0175323
cov:
   0.0766931  -0.00305027 -0.000688578
 -0.00305027    0.0737212  -0.00180981
-0.000688578  -0.00180981   0.00317831
mean:
5.47135 -3.46496 -0.0195615
cov:
  0.0864013  -0.0043083 -0.00158907
 -0.0043083   0.0871256 -0.00298282
-0.00158907 -0.00298282  0.00414965
mean:
6.45669 -3.43323 -0.0491806
cov:
  0.0819753   0.0132287 -0.00110342
  0.0132287   0.0785631 -0.00322011
-0.00110342 -0.00322011  0.00690452
mean:
7.50776 -3.50014 -0.0587382
cov:
 0.0684842  0.0201685 0.00255465
 0.0201685  0.0900908  0.0035711
0.00255465  0.0035711 0.00805063
mean:
8.4106 -3.59903 -0.0289674
cov:
  0.119796 -0.0154727 0.00352662
-0.0154727    0.07577 0.00145771
0.00352662 0.00145771  0.0117623
mean:
9.32811 -3.76369 -0.00616981
cov:
  0.0936411  -0.0305867 4.82953e-05
 -0.0305867   0.0986756 0.000359347
4.82953e-05 0.000359347    0.058611
mean:
-26.7105 -2.5018 -0.346433
cov:
  0.0851886    0.024207 0.000939309
   0.024207    0.149347  0.00264401
0.000939309  0.00264401   0.0764898
mean:
-24.7477 -2.47122 -0.269672
cov:
   0.111495  0.00268508   0.0274999
 0.00268508    0.117689 -0.00391601
  0.0274999 -0.00391601   0.0839034
mean:
-23.0588 -2.75287 -0.333133
cov:
   0.124179  0.00550893 0.000233213
 0.00550893    0.141048 0.000762997
0.000233213 0.000762997    0.122481
mean:
-22.9234 -2.25406 -0.314472
cov:
   0.123276  0.00360515 0.000117695
 0.00360515    0.140067 0.000530892
0.000117695 0.000530892    0.122466
mean:
-21.4175 -2.5138 -0.30787
cov:
  0.082243  0.0397228 0.00253015
 0.0397228   0.141863 0.00503021
0.00253015 0.00503021  0.0625422
mean:
-19.8646 -2.36524 -0.28115
cov:
 0.0796629  0.0113028  0.0005045
 0.0113028   0.116806 0.00175727
 0.0005045 0.00175727  0.0764669
mean:
-18.7432 -2.50367 -0.280124
cov:
 0.0632813   0.024683 0.00129063
  0.024683   0.133725 0.00404688
0.00129063 0.00404688  0.0555741
mean:
-17.5395 -2.58553 -0.270391
cov:
   0.118858  -0.0231346 -0.00144014
 -0.0231346    0.121713  0.00412379
-0.00144014  0.00412379    0.040141
mean:
-16.7971 -2.31554 -0.242649
cov:
   0.075133    0.011669 0.000715125
   0.011669     0.10725  0.00207497
0.000715125  0.00207497   0.0711308
mean:
-15.5963 -2.57867 -0.248116
cov:
   0.194217  -0.0452056 0.000465688
 -0.0452056    0.107756   0.0024086
0.000465688   0.0024086   0.0313207
mean:
-14.6233 -2.40456 -0.226443
cov:
   0.0831598     -0.02039 -0.000259846
    -0.02039     0.100868   0.00238704
-0.000259846   0.00238704    0.0294735
mean:
-13.7142 -2.51012 -0.225243
cov:
   0.0402874 -0.000239069  4.16524e-05
-0.000239069     0.121226   0.00216774
 4.16524e-05   0.00216774    0.0399949
mean:
-12.4507 -2.50028 -0.182242
cov:
   0.0375648   -0.0119015 -7.32726e-05
  -0.0119015     0.117406  0.000648342
-7.32726e-05  0.000648342    0.0356733
mean:
-11.3677 -2.50339 -0.185382
cov:
   0.118672 -0.00656353 0.000240281
-0.00656353   0.0968787  0.00129027
0.000240281  0.00129027   0.0172672
mean:
-10.3153 -2.4745 -0.18205
cov:
   0.0813765    0.0011283 -0.000189188
   0.0011283    0.0924522    0.0022964
-0.000189188    0.0022964    0.0167346
mean:
-9.41915 -2.53279 -0.176325
cov:
 0.0646222  0.0251065 0.00102282
 0.0251065   0.117956 0.00367932
0.00102282 0.00367932  0.0251395
mean:
-8.51918 -2.50333 -0.173976
cov:
   0.127978 -0.00858366  0.00321946
-0.00858366   0.0917793  0.00279734
 0.00321946  0.00279734  0.00905425
mean:
-7.72891 -2.41033 -0.164832
cov:
 0.0542327  0.0182856 0.00251555
 0.0182856  0.0986221 0.00472849
0.00251555 0.00472849  0.0170039
mean:
-6.41116 -2.52382 -0.157533
cov:
    0.11941   -0.055898 0.000592551
  -0.055898    0.209758  0.00441946
0.000592551  0.00441946   0.0435954
mean:
-5.39821 -2.58722 -0.166015
cov:
  0.0949635   0.0226761 0.000564889
  0.0226761   0.0747283  0.00280658
0.000564889  0.00280658  0.00507867
mean:
-4.48721 -2.52246 -0.148074
cov:
  0.0875937 -0.00235203  0.00367352
-0.00235203   0.0742837 -0.00211537
 0.00367352 -0.00211537  0.00317339
mean:
-3.55432 -2.6114 -0.118337
cov:
  0.0714247  -0.0227608   0.0019323
 -0.0227608   0.0580533 -0.00536148
  0.0019323 -0.00536148   0.0027806
mean:
-2.9471 -2.89039 -0.115725
cov:
   0.0564182  0.000164305 -0.000511343
 0.000164305     0.059599 -0.000733155
-0.000511343 -0.000733155    0.0558172
mean:
2.93917 -2.94532 -0.0687274
cov:
   0.0674723  0.000989716 -5.75311e-05
 0.000989716    0.0672832 -1.64008e-05
-5.75311e-05 -1.64008e-05    0.0663404
mean:
3.56623 -2.71744 -0.0568917
cov:
   0.087931    0.033868 3.77321e-05
   0.033868   0.0513303  -0.0030656
3.77321e-05  -0.0030656  0.00310964
mean:
4.4692 -2.49921 -0.0617387
cov:
  0.0874883 -0.00298365 0.000381923
-0.00298365   0.0840055 -0.00288258
0.000381923 -0.00288258  0.00234133
mean:
5.46525 -2.47177 -0.0561897
cov:
  0.0967849 -0.00503464 0.000780379
-0.00503464   0.0853365 0.000942324
0.000780379 0.000942324  0.00336594
mean:
6.46625 -2.49751 -0.0394845
cov:
  0.0824926 -0.00435227  0.00230922
-0.00435227   0.0881915  0.00231815
 0.00230922  0.00231815  0.00501279
mean:
7.49787 -2.56939 -0.0201923
cov:
  0.0952666  -0.0213499 -0.00020419
 -0.0213499   0.0708332  0.00212607
-0.00020419  0.00212607  0.00827171
mean:
8.18698 -2.61197 -0.00944822
cov:
   0.0430095   -0.0157653 -0.000129097
  -0.0157653    0.0742043   0.00104591
-0.000129097   0.00104591    0.0294205
mean:
-33.8357 -1.34535 -0.348193
cov:
    0.12774   0.0134565 0.000393131
  0.0134565    0.156958 0.000999836
0.000393131 0.000999836    0.122478
mean:
-31.3471 -1.42503 -0.338083
cov:
 0.0965362  0.0201085 0.00054305
 0.0201085   0.152924 0.00166899
